0 FILE .ldr
0 Dalek Shoulders and Neck
0 Name: Shoulders.ldr
0 Callum Cameron
0 Unofficial Model
0 ROTATION CENTER 0 0 0 1 "Custom" 
0 ROTATION CONFIG -2 0
1 7 -20 0 100 1 0 0 0 1 0 0 0 1 3035.dat
1 7 -180 0 100 1 0 0 0 1 0 0 0 1 3035.dat
1 8 -20 -8 150 0 0 -1 0 1 0 1 0 0 54384.dat
1 8 -330 -8 0 -1 0 0 0 1 0 0 0 -1 54384.dat
1 8 130 -8 -160 1 0 0 0 1 0 0 0 1 54384.dat
1 8 90 -8 -280 1 0 0 0 1 0 0 0 1 54384.dat
1 7 110 -16 -220 1 0 0 0 1 0 0 0 1 54384.dat
1 1 -80 -40 170 0 0 -1 0 1 0 1 0 0 41748.dat
1 484 130 -40 -140 1 0 0 0 1 0 0 0 1 41748.dat
1 1 -330 -40 -20 -1 0 0 0 1 0 0 0 -1 41748.dat
1 1 -310 -40 -80 0 0 -1 0 1 0 1 0 0 2465.dat
1 1 -210 -40 -280 0 0 -1 0 1 0 1 0 0 3009.dat
1 1 10 -40 -280 0 0 -1 0 1 0 1 0 0 3009.dat
1 484 110 -40 -80 0 0 -1 0 1 0 1 0 0 2465.dat
1 1 -120 -40 170 0 0 1 0 1 0 -1 0 0 41747.dat
1 1 130 -40 -20 -1 0 0 0 1 0 0 0 -1 41747.dat
1 1 -330 -40 -140 1 0 0 0 1 0 0 0 1 41747.dat
1 8 -180 -8 150 0 0 1 0 1 0 -1 0 0 54383.dat
1 8 130 -8 0 -1 0 0 0 1 0 0 0 -1 54383.dat
1 8 -330 -8 -160 1 0 0 0 1 0 0 0 1 54383.dat
1 7 -310 -16 -220 1 0 0 0 1 0 0 0 1 54383.dat
1 8 -290 -8 -280 1 0 0 0 1 0 0 0 1 54383.dat
1 8 -100 -8 100 0 0 1 0 1 0 -1 0 0 3034.dat
1 7 0 0 -320 -1 0 0 0 1 0 0 0 -1 3034.dat
1 7 -200 0 -320 -1 0 0 0 1 0 0 0 -1 3034.dat
1 8 -220 -8 40 0 0 -1 0 1 0 1 0 0 3034.dat
1 8 20 -8 40 0 0 -1 0 1 0 1 0 0 3034.dat
1 8 80 -8 -80 1 0 0 0 1 0 0 0 1 3034.dat
1 7 -200 -16 -320 1 0 0 0 1 0 0 0 1 3034.dat
1 7 -20 -16 -320 1 0 0 0 1 0 0 0 1 3832.dat
1 7 -270 -16 -240 0 0 1 0 1 0 -1 0 0 3666.dat
1 7 70 -16 -240 0 0 1 0 1 0 -1 0 0 3666.dat
1 7 -100 -16 -220 1 0 0 0 1 0 0 0 1 4282.dat
1 7 -100 -16 -360 1 0 0 0 1 0 0 0 1 2445.dat
1 7 -100 -16 -390 1 0 0 0 1 0 0 0 1 4477.dat
1 8 -280 -8 -80 1 0 0 0 1 0 0 0 1 3034.dat
1 7 60 0 -60 0 0 1 0 1 0 -1 0 0 3028.dat
1 7 -260 0 -60 0 0 1 0 1 0 -1 0 0 3028.dat
1 7 -260 0 -240 0 0 1 0 1 0 -1 0 0 6106.dat
1 7 -280 -16 100 -1 0 0 0 1 0 0 0 -1 6106.dat
1 7 80 -16 100 0 0 -1 0 1 0 1 0 0 6106.dat
1 7 -280 -16 -60 0 0 -1 0 1 0 1 0 0 3033.dat
1 7 80 -16 -60 0 0 -1 0 1 0 1 0 0 3033.dat
1 7 60 0 -240 1 0 0 0 1 0 0 0 1 6106.dat
1 7 -100 0 -380 1 0 0 0 1 0 0 0 1 3832.dat
1 8 -280 -8 100 -1 0 0 0 1 0 0 0 -1 30503.dat
1 8 80 -8 100 0 0 -1 0 1 0 1 0 0 30503.dat
1 8 20 -8 -360 1 0 0 0 1 0 0 0 1 30503.dat
1 8 -220 -8 -360 0 0 1 0 1 0 -1 0 0 30503.dat
1 8 -220 -8 -220 0 0 1 0 1 0 -1 0 0 3832.dat
1 8 20 -8 -220 0 0 1 0 1 0 -1 0 0 3832.dat
1 8 -60 -8 -400 0 0 -1 0 1 0 1 0 0 41769.dat
1 8 -140 -8 -400 0 0 1 0 1 0 -1 0 0 41770.dat
1 8 -100 -8 -340 -1 0 0 0 1 0 0 0 -1 3035.dat
1 7 -100 -16 140 -1 0 0 0 1 0 0 0 -1 3029.dat
1 7 -100 -16 60 -1 0 0 0 1 0 0 0 -1 3029.dat
1 7 -350 -16 -80 0 0 1 0 1 0 -1 0 0 3460.dat
1 7 150 -16 -80 0 0 1 0 1 0 -1 0 0 3460.dat
1 1 -160 -40 150 0 0 1 0 1 0 -1 0 0 42022.dat
1 1 -40 -40 150 0 0 -1 0 1 0 1 0 0 42022.dat
1 484 140 -40 -80 0 0 -1 0 1 0 1 0 0 3001.dat
1 1 -340 -40 -80 0 0 -1 0 1 0 1 0 0 3001.dat
1 8 60 -8 -180 0 0 -1 0 1 0 1 0 0 3020.dat
1 8 -260 -8 -180 0 0 -1 0 1 0 1 0 0 3020.dat
1 484 100 -40 -270 1 0 0 0 1 0 0 0 1 6565.dat
1 484 -210 -40 -360 0 0 1 0 1 0 -1 0 0 6565.dat
1 1 -300 -40 -270 1 0 0 0 1 0 0 0 1 6564.dat
1 484 10 -40 -360 0 0 -1 0 1 0 1 0 0 6564.dat
1 484 -100 -40 -370 1 0 0 0 1 0 0 0 1 4445.dat
1 1 -150 -40 -340 1 0 0 0 1 0 0 0 1 3002.dat
1 1 -50 -40 -340 1 0 0 0 1 0 0 0 1 3002.dat
1 484 -90 -64 -350 1 0 0 0 1 0 0 0 1 3040b.dat
1 484 -110 -64 -350 1 0 0 0 1 0 0 0 1 3040b.dat
1 484 -160 -64 -360 0 0 1 0 1 0 -1 0 0 43721.dat
1 484 -40 -64 -360 0 0 -1 0 1 0 1 0 0 43720.dat
1 484 70 -40 -330 1 0 0 0 1 0 0 0 1 2462.dat
1 484 -270 -40 -330 0 0 1 0 1 0 -1 0 0 2462.dat
1 7 -240 -16 -350 -1 0 0 0 1 0 0 0 -1 3023.dat
1 7 40 -16 -350 -1 0 0 0 1 0 0 0 -1 3023.dat
1 0 60 -40 -70 -1 0 0 0 1 0 0 0 -1 3701.dat
1 0 60 -40 -90 -1 0 0 0 1 0 0 0 -1 3701.dat
1 0 -260 -40 -90 -1 0 0 0 1 0 0 0 -1 3701.dat
1 0 -260 -40 -70 -1 0 0 0 1 0 0 0 -1 3701.dat
1 0 -110 -40 80 0 0 -1 0 1 0 1 0 0 3701.dat
1 0 -90 -40 80 0 0 -1 0 1 0 1 0 0 3701.dat
1 0 -110 -40 -280 0 0 -1 0 1 0 1 0 0 3702.dat
1 0 -90 -40 -280 0 0 -1 0 1 0 1 0 0 3702.dat
1 0 -240 -30 -100 0 0 -1 0 1 0 1 0 0 4459.dat
1 0 -240 -30 -60 0 0 -1 0 1 0 1 0 0 4459.dat
1 0 40 -30 -60 0 0 -1 0 1 0 1 0 0 4459.dat
1 0 40 -30 -100 0 0 -1 0 1 0 1 0 0 4459.dat
1 0 -80 -30 60 1 0 0 0 1 0 0 0 1 4459.dat
1 0 -120 -30 60 1 0 0 0 1 0 0 0 1 4459.dat
1 0 -120 -30 -220 1 0 0 0 1 0 0 0 1 4459.dat
1 0 -80 -30 -220 1 0 0 0 1 0 0 0 1 4459.dat
1 4 -160 -64 -320 1 0 0 0 1 0 0 0 1 2456.dat
1 4 -40 -64 -320 1 0 0 0 1 0 0 0 1 2456.dat
1 484 40 -64 -360 1 0 0 0 1 0 0 0 1 3001.dat
1 484 -300 -64 -280 0 0 1 0 1 0 -1 0 0 3006.dat
1 484 100 -64 -280 0 0 1 0 1 0 -1 0 0 3006.dat
1 4 10 -64 -260 0 0 1 0 1 0 -1 0 0 3010.dat
1 4 -210 -64 -260 0 0 1 0 1 0 -1 0 0 3010.dat
1 4 -100 -64 -290 -1 0 0 0 1 0 0 0 -1 3004.dat
1 484 -150 -112 -320 0 0 1 0 1 0 -1 0 0 3678a.dat
1 5 -140 -208 -290 1 0 0 0 1 0 0 0 1 3678a.dat
1 5 -100 -208 -290 1 0 0 0 1 0 0 0 1 3678a.dat
1 484 -60 -208 -290 1 0 0 0 1 0 0 0 1 3678a.dat
1 484 -260 -168 -260 1 0 0 0 1 0 0 0 1 3032.dat
1 484 60 -168 -260 1 0 0 0 1 0 0 0 1 3032.dat
1 484 -190 -88 -310 1 0 0 0 1 0 0 0 1 3040b.dat
1 484 -100 -88 -290 1 0 0 0 1 0 0 0 1 6112.dat
1 15 -210 -88 -320 0 0 1 0 1 0 -1 0 0 3004.dat
1 15 10 -88 -320 0 0 1 0 1 0 -1 0 0 3004.dat
1 15 -210 -88 -250 0 0 1 0 1 0 -1 0 0 3622.dat
1 15 10 -88 -250 0 0 1 0 1 0 -1 0 0 3622.dat
1 484 10 -112 -310 0 0 1 0 1 0 -1 0 0 3040b.dat
1 484 -210 -112 -310 0 0 -1 0 1 0 1 0 0 3040b.dat
1 15 -310 -112 -230 -1 0 0 0 1 0 0 0 -1 3040b.dat
1 484 110 -112 -230 -1 0 0 0 1 0 0 0 -1 3040b.dat
1 484 -130 -136 -310 1 0 0 0 1 0 0 0 1 3038.dat
1 484 110 -136 -260 0 0 1 0 1 0 -1 0 0 3010.dat
1 2 -310 -136 -260 0 0 1 0 1 0 -1 0 0 3010.dat
1 2 -210 -136 -240 0 0 1 0 1 0 -1 0 0 3004.dat
1 2 10 -136 -240 0 0 1 0 1 0 -1 0 0 3004.dat
1 484 -210 -136 -290 1 0 0 0 1 0 0 0 1 2357.dat
1 484 10 -136 -290 0 0 -1 0 1 0 1 0 0 2357.dat
1 484 -100 -136 -290 1 0 0 0 1 0 0 0 1 3008.dat
1 484 60 -136 -310 -1 0 0 0 1 0 0 0 -1 3455.dat
1 484 -260 -136 -310 -1 0 0 0 1 0 0 0 -1 3455.dat
1 484 90 -160 -290 1 0 0 0 1 0 0 0 1 3038.dat
1 484 30 -160 -290 1 0 0 0 1 0 0 0 1 3038.dat
1 484 -230 -160 -290 1 0 0 0 1 0 0 0 1 3038.dat
1 484 -290 -160 -290 1 0 0 0 1 0 0 0 1 3038.dat
1 484 -70 -136 -310 1 0 0 0 1 0 0 0 1 3038.dat
1 0 -310 -144 -320 1 0 0 0 1 0 0 0 1 6044.dat
1 0 -210 -144 -320 1 0 0 0 1 0 0 0 1 6044.dat
1 0 10 -144 -320 1 0 0 0 1 0 0 0 1 6044.dat
1 0 110 -144 -320 1 0 0 0 1 0 0 0 1 6044.dat
1 484 -100 -88 -320 1 0 0 0 1 0 0 0 1 3001.dat
1 484 -140 -64 -350 1 0 0 0 1 0 0 0 1 85984.dat
1 484 -100 -64 -350 1 0 0 0 1 0 0 0 1 85984.dat
1 484 -60 -64 -350 1 0 0 0 1 0 0 0 1 85984.dat
1 484 110 -88 -260 0 0 1 0 1 0 -1 0 0 3008.dat
1 15 -310 -88 -260 0 0 1 0 1 0 -1 0 0 3008.dat
1 484 -10 -88 -310 1 0 0 0 1 0 0 0 1 3040b.dat
1 484 -50 -112 -320 0 0 -1 0 1 0 1 0 0 3678a.dat
1 15 10 -112 -260 0 0 -1 0 1 0 1 0 0 3010.dat
1 15 -210 -112 -260 0 0 -1 0 1 0 1 0 0 3010.dat
1 15 -100 -112 -300 1 0 0 0 1 0 0 0 1 3001.dat
1 484 -170 -112 -290 1 0 0 0 1 0 0 0 1 3622.dat
1 484 -30 -112 -290 1 0 0 0 1 0 0 0 1 3622.dat
1 484 -100 -112 -330 1 0 0 0 1 0 0 0 1 3010.dat
1 484 110 -112 -280 0 0 1 0 1 0 -1 0 0 3010.dat
1 15 -310 -112 -280 0 0 1 0 1 0 -1 0 0 3010.dat
1 484 -240 -64 -360 1 0 0 0 1 0 0 0 1 3001.dat
1 1 -290 -40 -210 0 0 1 0 1 0 -1 0 0 3622.dat
1 1 90 -40 -210 0 0 1 0 1 0 -1 0 0 3622.dat
1 484 110 -160 -250 0 0 1 0 1 0 -1 0 0 3622.dat
1 3 10 -160 -250 0 0 1 0 1 0 -1 0 0 3622.dat
1 3 -210 -160 -250 0 0 1 0 1 0 -1 0 0 3622.dat
1 3 -310 -160 -250 0 0 1 0 1 0 -1 0 0 3622.dat
1 484 -100 -160 -290 -1 0 0 0 1 0 0 0 -1 6111.dat
1 484 -100 -160 -310 -1 0 0 0 1 0 0 0 -1 3009.dat
1 4 80 -48 -80 -1 0 0 0 1 0 0 0 -1 3795.dat
1 4 -280 -48 -80 -1 0 0 0 1 0 0 0 -1 3795.dat
1 4 -320 -48 -130 0 0 -1 0 1 0 1 0 0 3021.dat
1 4 -320 -48 -30 0 0 -1 0 1 0 1 0 0 3021.dat
1 4 -150 -48 140 1 0 0 0 1 0 0 0 1 3021.dat
1 4 -50 -48 140 1 0 0 0 1 0 0 0 1 3021.dat
1 4 120 -48 -30 0 0 -1 0 1 0 1 0 0 3021.dat
1 4 120 -48 -130 0 0 -1 0 1 0 1 0 0 3021.dat
1 4 -100 -48 -240 0 0 -1 0 1 0 1 0 0 3020.dat
1 1 -100 -40 130 1 0 0 0 1 0 0 0 1 2465.dat
1 1 -100 -40 150 1 0 0 0 1 0 0 0 1 3010.dat
1 1 -100 -40 30 1 0 0 0 1 0 0 0 1 3004.dat
1 4 -100 -48 100 0 0 1 0 1 0 -1 0 0 3034.dat
1 1 70 -40 90 0 0 -1 0 1 0 1 0 0 3045.dat
1 1 -270 -40 90 -1 0 0 0 1 0 0 0 -1 3045.dat
1 1 -270 -40 70 -1 0 0 0 1 0 0 0 -1 3622.dat
1 1 70 -40 70 -1 0 0 0 1 0 0 0 -1 3622.dat
1 1 -250 -40 100 0 0 -1 0 1 0 1 0 0 3004.dat
1 1 50 -40 100 0 0 -1 0 1 0 1 0 0 3004.dat
1 4 -260 -48 80 0 0 -1 0 1 0 1 0 0 3022.dat
1 4 60 -48 80 0 0 -1 0 1 0 1 0 0 3022.dat
1 4 -310 -48 70 0 0 1 0 1 0 -1 0 0 2420.dat
1 4 -250 -48 130 0 0 1 0 1 0 -1 0 0 2420.dat
1 4 50 -48 130 -1 0 0 0 1 0 0 0 -1 2420.dat
1 4 110 -48 70 -1 0 0 0 1 0 0 0 -1 2420.dat
1 4 -200 -48 130 -1 0 0 0 1 0 0 0 -1 3023.dat
1 4 0 -48 130 -1 0 0 0 1 0 0 0 -1 3023.dat
1 4 110 -48 20 0 0 -1 0 1 0 1 0 0 3023.dat
1 4 -310 -48 20 0 0 -1 0 1 0 1 0 0 3023.dat
1 0 -70 -150 60 0 -1 0 0 0 1 -1 0 0 41239.dat
1 0 -130 -150 60 0 -1 0 0 0 1 -1 0 0 41239.dat
1 0 -240 -150 -110 -1 0 0 0 0 1 0 1 0 41239.dat
1 0 -240 -150 -50 -1 0 0 0 0 1 0 1 0 41239.dat
1 0 40 -150 -110 -1 0 0 0 0 1 0 1 0 41239.dat
1 0 -70 -150 -220 0 1 0 0 0 1 1 0 0 41239.dat
1 0 -130 -150 -220 0 1 0 0 0 1 1 0 0 41239.dat
1 0 40 -150 -50 -1 0 0 0 0 1 0 1 0 41239.dat
1 5 -100 -232 -290 1 0 0 0 1 0 0 0 1 3009.dat
1 6 -100 -240 -290 1 0 0 0 1 0 0 0 1 3710.dat
1 5 -130 -256 -290 0 0 1 0 1 0 -1 0 0 3024.dat
1 5 -70 -256 -290 0 0 1 0 1 0 -1 0 0 3024.dat
1 8 -100 -176 60 1 0 0 0 1 0 0 0 1 ShoulderSupport1.ldr
1 5 -70 -256 130 1 0 0 0 1 0 0 0 1 3024.dat
1 5 -130 -256 130 1 0 0 0 1 0 0 0 1 3024.dat
1 8 40 -176 -80 0 0 1 0 1 0 -1 0 0 ShoulderSupport1.ldr
1 5 110 -256 -110 0 0 1 0 1 0 -1 0 0 3024.dat
1 5 110 -256 -50 0 0 1 0 1 0 -1 0 0 3024.dat
1 1 100 -264 -120 0 0 -1 0 1 0 1 0 0 NeckHingeLeft.ldr
1 1 100 -248 -40 0 0 -1 0 1 0 1 0 0 NeckHingeRight.ldr
1 8 -240 -176 -80 0 0 1 0 1 0 -1 0 0 ShoulderSupport1.ldr
1 5 -310 -256 -50 0 0 1 0 1 0 -1 0 0 3024.dat
1 5 -310 -256 -110 0 0 1 0 1 0 -1 0 0 3024.dat
1 8 -100 -176 -220 -1 0 0 0 1 0 0 0 -1 ShoulderSupport1.ldr
1 1 -100 8 130 -1 0 0 0 1 0 0 0 -1 2465.dat
1 1 90 8 90 0 0 -1 0 1 0 1 0 0 2462.dat
1 1 -290 8 90 -1 0 0 0 1 0 0 0 -1 2462.dat
1 7 90 0 90 0 0 -1 0 1 0 1 0 0 2450.dat
1 7 -290 0 90 -1 0 0 0 1 0 0 0 -1 2450.dat
1 1 -250 8 110 -1 0 0 0 1 0 0 0 -1 3005.dat
1 1 50 8 110 -1 0 0 0 1 0 0 0 -1 3005.dat
1 1 -310 8 0 0 0 -1 0 1 0 1 0 0 3009.dat
1 1 110 8 0 0 0 -1 0 1 0 1 0 0 3009.dat
1 2 -310 32 20 0 0 -1 0 1 0 1 0 0 3666.dat
1 2 110 32 20 0 0 -1 0 1 0 1 0 0 3666.dat
1 2 -250 32 110 0 0 -1 0 1 0 1 0 0 2420.dat
1 2 50 32 110 1 0 0 0 1 0 0 0 1 2420.dat
1 2 -160 32 130 1 0 0 0 1 0 0 0 1 3460.dat
1 2 -20 32 130 1 0 0 0 1 0 0 0 1 3666.dat
1 1 -220 8 -120 0 0 1 0 1 0 -1 0 0 3832.dat
1 1 20 8 -120 0 0 1 0 1 0 -1 0 0 3832.dat
1 1 -140 -248 -280 1 0 0 0 1 0 0 0 1 NeckHingeLeft.ldr
1 1 -60 -248 -280 1 0 0 0 1 0 0 0 1 NeckHingeRight.ldr
1 1 -60.336 -256 -280.278 0.92388 0 -0.382683 0 1 0 0.382683 0 0.92388 NeckRing1A.ldr
1 1 13.545 -256 -249.657 0.707107 0 -0.707107 0 1 0 0.707107 0 0.707107 NeckRing1A.ldr
1 1 68.955 -256 -193.683 0.382683 0 -0.92388 0 1 0 0.92388 0 0.382683 NeckRing1A.ldr
1 1 99.783 -256 -39.689 -0.382683 0 -0.92388 0 1 0 0.92388 0 -0.382683 NeckRing1A.ldr
1 1 70.252 -256 33.975 -0.707107 0 -0.707107 0 1 0 0.707107 0 -0.707107 NeckRing1A.ldr
1 1 13.954 -256 89.602 -0.92388 0 -0.382683 0 1 0 0.382683 0 -0.92388 NeckRing1A.ldr
1 1 -139.882 -256 120.813 -0.92388 0 0.382683 0 1 0 -0.382683 0 -0.92388 NeckRing1A.ldr
1 1 -213.546 -256 91.282 -0.707107 0 0.707107 0 1 0 -0.707107 0 -0.707107 NeckRing1A.ldr
1 1 -269.173 -256 34.984 -0.382683 0 0.92388 0 1 0 -0.92388 0 -0.382683 NeckRing1A.ldr
1 1 -60 -264 120 -1 0 0 0 1 0 0 0 -1 NeckHingeLeft.ldr
1 1 -140 -248 120 -1 0 0 0 1 0 0 0 -1 NeckHingeRight.ldr
1 1 -300 -248 -120 0 0 1 0 1 0 -1 0 0 NeckHingeRight.ldr
1 1 -300 -264 -40 0 0 1 0 1 0 -1 0 0 NeckHingeLeft.ldr
1 1 -299.599 -256 -119.475 0.382684 0 0.92388 0 1 0 -0.92388 0 0.382684 NeckRing1A.ldr
1 1 -268.59 -256 -193.129 0.707107 0 0.707107 0 1 0 -0.707107 0 0.707107 NeckRing1A.ldr
1 1 -206.398 -264 -263.375 0.92388 0 0.382684 0 1 0 -0.382684 0 0.92388 NeckRing1B.ldr
1 1 -140 -264 -280 1 0 0 0 1 0 0 0 1 NeckHingeLeft.ldr
1 1 -280 -264 -80 1 0 0 0 1 0 0 0 1 NeckLayer1PillarBase.ldr
1 1 80 -264 -80 -1 0 0 0 1 0 0 0 -1 NeckLayer1PillarBase.ldr
1 1 -100 -264 100 0 0 1 0 1 0 -1 0 0 NeckLayer1PillarBase.ldr
1 1 -100 -264 -260 0 0 -1 0 1 0 1 0 0 NeckLayer1PillarBase.ldr
1 1 -280 -288 -80 1 0 0 0 1 0 0 0 1 NeckLayer1Pillar.ldr
1 1 -100 -288 100 0 0 1 0 1 0 -1 0 0 NeckLayer1Pillar.ldr
1 1 80 -288 -80 -1 0 0 0 1 0 0 0 -1 NeckLayer1Pillar.ldr
1 1 -100 -288 -260 0 0 -1 0 1 0 1 0 0 NeckLayer1Pillar.ldr
1 1 -20.099 -272 -273.708 0.92388 0 -0.382684 0 1 0 0.382684 0 0.92388 NeckLayer1Support.ldr
1 1 93.932 -272 -160.721 0.382684 0 -0.92388 0 1 0 0.92388 0 0.382684 NeckLayer1Support.ldr
1 1 93.725 -272 1.352 -0.382684 0 -0.92388 0 1 0 0.92388 0 -0.382684 NeckLayer1Support.ldr
1 1 -19.666 -272 114.345 -0.92388 0 -0.382684 0 1 0 0.382684 0 -0.92388 NeckLayer1Support.ldr
1 1 -179.809 -272 115.015 -0.92388 0 0.382684 0 1 0 -0.382684 0 -0.92388 NeckLayer1Support.ldr
1 1 -293.778 -272 1.55 -0.382684 0 0.92388 0 1 0 -0.92388 0 -0.382684 NeckLayer1Support.ldr
1 1 -293.307 -272 -159.948 0.382684 0 0.92388 0 1 0 -0.92388 0 0.382684 NeckLayer1Support.ldr
1 1 -179.744 -272 -273.466 0.92388 0 0.382684 0 1 0 -0.382684 0 0.92388 NeckLayer1Support.ldr
1 1 -248.074 -272 -227.832 0.707107 0 0.707107 0 1 0 -0.707107 0 0.707107 NeckLayer1Normal.ldr
1 1 -248.781 -272 69.86 -0.707107 0 0.707107 0 1 0 -0.707107 0 -0.707107 NeckLayer1Normal.ldr
1 1 48.204 -272 69.86 -0.707107 0 -0.707107 0 1 0 0.707107 0 -0.707107 NeckLayer1Normal.ldr
1 1 48.205 -272 -228.539 0.707107 0 -0.707107 0 1 0 0.707107 0 0.707107 NeckLayer1Normal.ldr
1 1 -60 -344 -280 1 0 0 0 1 0 0 0 1 NeckHingeRight.ldr
1 1 -16.467 -352 -282.678 0.92388 0 -0.382684 0 1 0 0.382684 0 0.92388 NeckLayer2Support.ldr
1 1 102.544 -352 -164.851 0.382684 0 -0.92388 0 1 0 0.92388 0 0.382684 NeckLayer2Support.ldr
1 1 103.185 -352 5.577 -0.382684 0 -0.92388 0 1 0 0.92388 0 -0.382684 NeckLayer2Support.ldr
1 1 -15.6788 -352 123.393 -0.92388 0 -0.382684 0 1 0 0.382684 0 -0.92388 NeckLayer2Support.ldr
1 1 -184.02 -352 124.366 -0.92388 0 0.382684 0 1 0 -0.382684 0 -0.92388 NeckLayer2Support.ldr
1 1 -302.675 -352 5.496 -0.382684 0 0.92388 0 1 0 -0.92388 0 -0.382684 NeckLayer2Support.ldr
1 1 -303.611 -352 -163.716 0.382684 0 0.92388 0 1 0 -0.92388 0 0.382684 NeckLayer2Support.ldr
1 1 -184.03 -352 -283.193 0.92388 0 0.382684 0 1 0 -0.382684 0 0.92388 NeckLayer2Support.ldr
1 1 55.348 -352 -234.717 0.707107 0 -0.707107 0 1 0 0.707107 0 0.707107 NeckLayer2Normal.ldr
1 1 55.347 -352 76.409 -0.707107 0 -0.707107 0 1 0 0.707107 0 -0.707107 NeckLayer2Normal.ldr
1 1 -256.487 -352 77.116 -0.707107 0 0.707107 0 1 0 -0.707107 0 -0.707107 NeckLayer2Normal.ldr
1 1 -255.779 -352 -234.72 0.707107 0 0.707107 0 1 0 -0.707107 0 0.707107 NeckLayer2Normal.ldr
1 1 -100 -352 -280 0 0 -1 0 1 0 1 0 0 NeckLayer2Pillar.ldr
1 1 -100 -352 120 0 0 1 0 1 0 -1 0 0 NeckLayer2Pillar.ldr
1 1 100 -352 -80 -1 0 0 0 1 0 0 0 -1 NeckLayer2Pillar.ldr
1 1 -300 -352 -80 1 0 0 0 1 0 0 0 1 NeckLayer2Pillar.ldr
1 1 100 -344 -40 0 0 -1 0 1 0 1 0 0 NeckHingeRight.ldr
1 1 -140 -344 120 -1 0 0 0 1 0 0 0 -1 NeckHingeRight.ldr
1 1 -300 -344 -120 0 0 1 0 1 0 -1 0 0 NeckHingeRight.ldr
1 1 -60 -408 -280 1 0 0 0 1 0 0 0 1 NeckHingeRight.ldr
1 1 -15.898 -416 -282.162 0.92388 0 -0.382684 0 1 0 0.382684 0 0.92388 NeckLayer3Support.ldr
1 1 102.692 -416 -165.22 0.382684 0 -0.92388 0 1 0 0.92388 0 0.382684 NeckLayer3Support.ldr
1 1 103.147 -416 5.174 -0.382684 0 -0.92388 0 1 0 0.92388 0 -0.382684 NeckLayer3Support.ldr
1 1 -15.487 -416 122.417 -0.92388 0 -0.382684 0 1 0 0.382684 0 -0.92388 NeckLayer3Support.ldr
1 1 -183.919 -416 124.889 -0.92388 0 0.382684 0 1 0 -0.382684 0 -0.92388 NeckLayer3Support.ldr
1 1 -303.017 -416 5.767 -0.382684 0 0.92388 0 1 0 -0.92388 0 -0.382684 NeckLayer3Support.ldr
1 1 -303.263 -416 -163.151 0.382684 0 0.92388 0 1 0 -0.92388 0 0.382684 NeckLayer3Support.ldr
1 1 -184.541 -416 -282.851 0.92388 0 0.382684 0 1 0 -0.382684 0 0.92388 NeckLayer3Support.ldr
1 1 55.723 -416 -235.232 0.707107 0 -0.707107 0 1 0 0.707107 0 0.707107 NeckLayer3Normal.ldr
1 1 55.015 -416 76.602 -0.707107 0 -0.707107 0 1 0 0.707107 0 -0.707107 NeckLayer3Normal.ldr
1 1 -255.405 -416 77.31 -0.707107 0 0.707107 0 1 0 -0.707107 0 -0.707107 NeckLayer3Normal.ldr
1 1 -255.404 -416 -233.817 0.707107 0 0.707107 0 1 0 -0.707107 0 0.707107 NeckLayer3Normal.ldr
1 1 100 -416 -40 0 0 -1 0 1 0 1 0 0 NeckHingeRight.ldr
1 1 -140 -416 120 -1 0 0 0 1 0 0 0 -1 NeckHingeRight.ldr
1 1 -300 -416 -120 0 0 1 0 1 0 -1 0 0 NeckHingeRight.ldr
1 1 -100 -416 -280 -1 0 0 0 1 0 0 0 -1 NeckLayer3Pillar.ldr
1 1 -300 -416 -80 0 0 -1 0 1 0 1 0 0 NeckLayer3Pillar.ldr
1 1 -100 -416 120 1 0 0 0 1 0 0 0 1 NeckLayer3Pillar.ldr
1 1 100 -416 -80 0 0 1 0 1 0 -1 0 0 NeckLayer3Pillar.ldr
1 1 129.475 -141.089 15.959 0.16043 -0.909844 -0.382683 0.984808 0.173648 0 0.0664523 -0.37687 0.92388 ShoulderSlatMainB.ldr
1 1 -4.325 -141.384 149.606 0.0664523 -0.37687 -0.92388 0.984808 0.173648 0 0.16043 -0.909844 0.382683 ShoulderSlatMainB.ldr
1 1 -194.445 -140.273 151.301 -0.0664523 0.37687 -0.92388 0.984808 0.173648 0 0.16043 -0.909844 -0.382683 ShoulderSlatMainB.ldr
1 1 -328.607 -139.704 15.775 -0.16043 0.909844 -0.382683 0.984808 0.173648 0 0.0664523 -0.37687 -0.92388 ShoulderSlatMainB.ldr
1 1 -330.224 -139.424 -175.266 -0.16043 0.909844 0.382683 0.984808 0.173648 0 -0.0664523 0.37687 -0.92388 ShoulderSlatMainBRight.ldr
1 1 128.413 -142.781 -175.428 0.16043 -0.909844 0.382683 0.984808 0.173648 0 -0.0664523 0.37687 0.92388 ShoulderSlatMainBLeft.ldr
1 1 147.376 -140.685 -80 0.173648 -0.984808 0 0.984808 0.173648 0 0 0 1 ShoulderSlatMainA.ldr
1 1 -100 -142.738 177.798 0 0 -1 0.965926 0.258819 0 0.258819 -0.965926 0 ShoulderSlatMainA.ldr
1 1 80.989 -142.367 102.332 0.183013 -0.683013 -0.707107 0.965926 0.258819 0 0.183013 -0.683013 0.707107 ShoulderSlatMainA.ldr
1 1 -280.862 -141.977 102.327 -0.183013 0.683013 -0.707107 0.965926 0.258819 0 0.183013 -0.683013 -0.707107 ShoulderSlatMainA.ldr
1 1 -347.683 -140.135 -80 -0.173648 0.984808 0 0.984808 0.173648 0 0 0 -1 ShoulderSlatMainA.ldr
1 1 68.309 -219.77 -247.318 0.205412 -0.671029 0.712407 0.961722 0.273304 -0.0198676 -0.181372 0.68922 0.701485 ShoulderSlatSide.ldr
1 1 -8.503 -220.881 -298.302 0.120368 -0.356197 0.926625 0.961722 0.273304 -0.0198676 -0.246174 0.893548 0.375461 ShoulderSlatSide.ldr
1 1 -190.372 -220.345 -299.481 -0.0889581 0.379965 0.920714 0.961722 0.273304 -0.0198676 -0.259184 0.883703 -0.389732 ShoulderSlatSide.ldr
1 1 -266.883 -218.052 -247.8 -0.181372 0.68922 0.701485 0.961722 0.273304 -0.0198676 -0.205412 0.671029 -0.712407 ShoulderSlatSide.ldr
1 1 -100 -181.939 -326.834 0 0 1 0.965926 0.258819 0 -0.258819 0.965926 0 ShoulderSlatFront.ldr
0
0 FILE ShoulderSupport1.ldr
0 New Model
0 Name: ShoulderSupport1.ldr
0 Author: MLCad
0 Unofficial Model
0 
0 ROTATION CENTER 0 0 0 1 "Custom" 
0 ROTATION CONFIG 0 0
1 7 0 0 0 1 0 0 0 1 0 0 0 1 3022.dat
1 7 -10 -24 0 0 0 1 0 1 0 -1 0 0 3700.dat
1 0 -20 -14 0 -1 0 0 0 1 0 0 0 -1 4459.dat
0 STEP
1 7 10 -24 0 0 0 1 0 1 0 -1 0 0 3700.dat
0 STEP
1 0 20 -14 0 -1 0 0 0 1 0 0 0 -1 4459.dat
1 7 0 -48 0 0 0 1 0 1 0 -1 0 0 3003.dat
0 STEP
1 8 0 -72 10 -1 0 0 0 1 0 0 0 -1 3747a.dat
1 8 0 -72 -10 1 0 0 0 1 0 0 0 1 3747a.dat
0 STEP
1 8 0 -80 0 0 0 1 0 1 0 -1 0 0 3034.dat
1 0 -20 -94 0 -1 0 0 0 1 0 0 0 -1 4459.dat
1 7 -10 -104 0 0 0 1 0 1 0 -1 0 0 3700.dat
0 STEP
1 7 10 -104 0 0 0 1 0 1 0 -1 0 0 3700.dat
1 0 20 -94 0 -1 0 0 0 1 0 0 0 -1 4459.dat
0
0 FILE ShoulderSlatFront.ldr
0 New Model
0 Name: ShoulderSlatFront.ldr
0 Author: MLCad
0 Unofficial Model
0 ROTATION CENTER 0 0 0 1 "Custom" 
0 ROTATION CONFIG 0 0
1 28 0 0 0 1 0 0 0 1 0 0 0 1 3032.dat
1 8 -60 -8 30 -1 0 0 0 1 0 0 0 -1 60478.dat
1 8 -60 -8 -30 -1 0 0 0 1 0 0 0 -1 60478.dat
1 19 -40 -24 -30 0 0 -1 0 1 0 1 0 0 61678.dat
1 19 -40 -24 30 0 0 -1 0 1 0 1 0 0 61678.dat
1 19 -70 -16 -30 0 0 -1 0 1 0 1 0 0 3024.dat
1 19 -70 -16 30 0 0 -1 0 1 0 1 0 0 3024.dat
1 19 -60 -8 0 0 0 -1 0 1 0 1 0 0 3022.dat
1 7 -60 -16 0 0 0 -1 0 1 0 1 0 0 4073.dat
0
0 FILE ShoulderSlatMainBase.ldr
0 New Model
0 Name: ShoulderSlatMainBase.ldr
0 Author: MLCad
0 Unofficial Model
0 ROTATION CENTER 0 0 0 1 "Custom" 
0 ROTATION CONFIG 0 0
1 28 0 0 0 1 0 0 0 1 0 0 0 1 3030.dat
1 8 -100 -8 30 -1 0 0 0 1 0 0 0 -1 60478.dat
1 8 -100 -8 -30 -1 0 0 0 1 0 0 0 -1 60478.dat
1 19 -100 -16 -30 0 0 -1 0 1 0 1 0 0 85970.dat
1 19 -100 -16 30 0 0 -1 0 1 0 1 0 0 85970.dat
1 19 -60 -8 30 1 0 0 0 1 0 0 0 1 3023.dat
1 19 -60 -8 -30 1 0 0 0 1 0 0 0 1 3023.dat
1 7 -100 -16 0 1 0 0 0 1 0 0 0 1 4073.dat
1 7 60 -8 0 1 0 0 0 1 0 0 0 1 4073.dat
1 19 -100 -8 0 1 0 0 0 1 0 0 0 1 3022.dat
1 19 -100 -24 -30 1 0 0 0 1 0 0 0 1 3069b.dat
1 19 -100 -24 30 1 0 0 0 1 0 0 0 1 3069b.dat
0
0 FILE ShoulderSlatMainA.ldr
0 New Model
0 Name: ShoulderSlatMainA.ldr
0 Author: MLCad
0 Unofficial Model
0 ROTATION CENTER 0 0 0 1 "Custom" 
0 ROTATION CONFIG 0 0
1 0 0 0 0 1 0 0 0 1 0 0 0 1 ShoulderSlatMainBase.ldr
1 7 40 8 30 0 0 -1 0 1 0 1 0 0 54384.dat
1 7 40 8 -30 0 0 -1 0 1 0 1 0 0 54383.dat
1 7 -60 8 40 0 0 1 0 1 0 -1 0 0 41769.dat
1 7 -60 8 -40 0 0 1 0 1 0 -1 0 0 41770.dat
0
0 FILE ShoulderSlatMainB.ldr
0 New Model
0 Name: ShoulderSlatMainB.ldr
0 Author: MLCad
0 Unofficial Model
0 ROTATION CENTER 0 0 0 1 "Custom" 
0 ROTATION CONFIG 0 0
1 0 0 0 0 1 0 0 0 1 0 0 0 1 ShoulderSlatMainBase.ldr
1 7 20 8 -30 0 0 1 0 1 0 -1 0 0 54384.dat
1 7 20 8 30 0 0 1 0 1 0 -1 0 0 54383.dat
0
0 FILE ShoulderSlatMainBLeft.ldr
0 New Model
0 Name: ShoulderSlatMainBLeft.ldr
0 Author: MLCad
0 Unofficial Model
0 ROTATION CENTER 0 0 0 1 "Custom" 
0 ROTATION CONFIG 0 0
1 0 0 0 0 1 0 0 0 1 0 0 0 1 ShoulderSlatMainBase.ldr
1 7 20 8 30 0 0 1 0 1 0 -1 0 0 54383.dat
0
0 FILE ShoulderSlatMainBRight.ldr
0 New Model
0 Name: ShoulderSlatMainBRight.ldr
0 Author: MLCad
0 Unofficial Model
0 ROTATION CENTER 0 0 0 1 "Custom" 
0 ROTATION CONFIG 0 0
1 0 0 0 0 1 0 0 0 1 0 0 0 1 ShoulderSlatMainBase.ldr
1 7 20 8 -30 0 0 1 0 1 0 -1 0 0 54384.dat
0
0 FILE ShoulderSlatSide.ldr
0 New Model
0 Name: ShoulderSlatSide.ldr
0 Author: MLCad
0 Unofficial Model
0 ROTATION CENTER 0 0 0 1 "Custom" 
0 ROTATION CONFIG 0 0
1 28 0 0 0 1 0 0 0 1 0 0 0 1 3031.dat
1 8 -20 -8 30 -1 0 0 0 1 0 0 0 -1 60478.dat
1 8 -20 -8 -30 -1 0 0 0 1 0 0 0 -1 60478.dat
1 19 0 -24 30 0 0 -1 0 1 0 1 0 0 61678.dat
1 19 0 -24 -30 0 0 -1 0 1 0 1 0 0 61678.dat
1 19 -30 -16 -30 0 0 -1 0 1 0 1 0 0 3024.dat
1 19 -30 -16 30 0 0 -1 0 1 0 1 0 0 3024.dat
1 19 -20 -8 0 0 0 -1 0 1 0 1 0 0 3022.dat
1 7 -20 -16 0 0 0 -1 0 1 0 1 0 0 4073.dat
0 
0
0 FILE NeckHingeLeft.ldr
0 New Model
0 Name: NeckHingeLeft.ldr
0 Author: MLCad
0 Unofficial Model
0 ROTATION CENTER 0 0 0 1 "Custom" 
0 ROTATION CONFIG 0 0
1 16 0 0 0 -1 0 0 0 1 0 0 0 -1 2429.dat
1 16 0 0 0 -0.92388 0 -0.382683 0 1 0 0.382683 0 -0.92388 2430.dat
0
0 FILE NeckHingeRight.ldr
0 New Model
0 Name: NeckHingeRight.ldr
0 Author: MLCad
0 Unofficial Model
0 ROTATION CENTER 0 0 0 1 "Custom" 
0 ROTATION CONFIG 0 0
1 16 0 0 0 -0.92388 0 0.382683 0 1 0 -0.382683 0 -0.92388 2429.dat
1 16 0 0 0 -1 0 0 0 1 0 0 0 -1 2430.dat
0
0 FILE NeckRing1A.ldr
0 New Model
0 Name: NeckRing1A.ldr
0 Author: MLCad
0 Unofficial Model
0 ROTATION CENTER 0 0 0 1 "Custom" 
0 ROTATION CONFIG 0 0
1 1 0 -8 0 1 0 0 0 1 0 0 0 1 NeckHingeLeft.ldr
1 1 80 8 0 1 0 0 0 1 0 0 0 1 NeckHingeRight.ldr
1 4 40 0 -10 1 0 0 0 1 0 0 0 1 3710.dat
0 
0
0 FILE NeckRing1B.ldr
0 New Model
0 Name: NeckRing1B.ldr
0 Author: MLCad
0 Unofficial Model
0 ROTATION CENTER 0 0 0 1 "Custom" 
0 ROTATION CONFIG 0 0
1 1 -10 0 10 1 0 0 0 1 0 0 0 1 NeckHingeLeft.ldr
1 4 30 8 0 1 0 0 0 1 0 0 0 1 3710.dat
0
0 FILE NeckLayer1Pillar.ldr
0 New Model
0 Name: NeckLayer1Pillar.ldr
0 Author: MLCad
0 Unofficial Model
0 ROTATION CENTER 0 0 0 1 "Custom" 
0 ROTATION CONFIG 0 0
1 28 0 0 0 1 0 0 0 1 0 0 0 1 3032.dat
1 8 -30 -48 0 0 0 1 0 1 0 -1 0 0 3185.dat
1 8 10 -48 -20 0 0 -1 0 1 0 1 0 0 3678a.dat
1 8 10 -48 20 0 0 -1 0 1 0 1 0 0 3678a.dat
1 1 10 -56 0 0 0 -1 0 1 0 1 0 0 3710.dat
0
0 FILE NeckLayer1PillarBase.ldr
0 New Model
0 Name: NeckLayer1PillarBase.ldr
0 Author: MLCad
0 Unofficial Model
0 ROTATION CENTER 0 0 0 1 "Custom" 
0 ROTATION CONFIG 0 0
1 1 0 0 0 1 0 0 0 1 0 0 0 1 3022.dat
1 2 -10 -8 0 1 0 0 0 1 0 0 0 1 3021.dat
1 3 -20 -16 0 0 0 1 0 1 0 -1 0 0 3020.dat
1 7 -30 -8 -30 0 0 1 0 1 0 -1 0 0 6019.dat
1 7 -30 -8 30 0 0 1 0 1 0 -1 0 0 6019.dat
0
0 FILE NeckLayer1Normal.ldr
0 New Model
0 Name: NeckLayer1Normal.ldr
0 Author: MLCad
0 Unofficial Model
0 ROTATION CENTER 0 0 0 1 "Custom" 
0 ROTATION CONFIG 0 0
1 7 0 0 0 1 0 0 0 1 0 0 0 1 3023.dat
1 7 -30 0 0 1 0 0 0 1 0 0 0 1 6019.dat
1 7 30 0 0 1 0 0 0 1 0 0 0 1 6019.dat
1 7 0 -8 0 1 0 0 0 1 0 0 0 1 3710.dat
1 28 0 -16 -10 1 0 0 0 1 0 0 0 1 3020.dat
1 8 0 -64 0 1 0 0 0 1 0 0 0 1 3185.dat
0
0 FILE NeckLayer1Support.ldr
0 New Model
0 Name: NeckLayer1Support.ldr
0 Author: MLCad
0 Unofficial Model
0 ROTATION CENTER 0 0 0 1 "Custom" 
0 ROTATION CONFIG 0 0
1 7 0 0 0 1 0 0 0 1 0 0 0 1 3023.dat
1 7 -30 0 0 1 0 0 0 1 0 0 0 1 6019.dat
1 7 30 0 0 1 0 0 0 1 0 0 0 1 6019.dat
1 7 0 -8 0 1 0 0 0 1 0 0 0 1 3710.dat
1 28 0 -16 -10 1 0 0 0 1 0 0 0 1 3020.dat
1 8 0 -64 0 1 0 0 0 1 0 0 0 1 3185.dat
1 19 0 -24 -20 1 0 0 0 1 0 0 0 1 3794a.dat
1 19 0 -32 -20 1 0 0 0 1 0 0 0 1 4073.dat
1 19 0 -40 -20 1 0 0 0 1 0 0 0 1 4073.dat
1 19 0 -64 -20 1 0 0 0 1 0 0 0 1 3062b.dat
1 19 0 -72 -20 1 0 0 0 1 0 0 0 1 3023.dat
0 
0
0 FILE NeckLayer2Pillar.ldr
0 New Model
0 Name: NeckLayer2Pillar.ldr
0 Author: MLCad
0 Unofficial Model
0 ROTATION CENTER 0 0 0 1 "Custom" 
0 ROTATION CONFIG 0 0
1 28 0 0 0 1 0 0 0 1 0 0 0 1 3031.dat
1 8 -10 -48 0 0 0 1 0 1 0 -1 0 0 3185.dat
1 8 30 -24 0 0 0 1 0 1 0 -1 0 0 3010.dat
1 8 30 -48 0 0 0 1 0 1 0 -1 0 0 3010.dat
1 1 30 -56 0 0 0 1 0 1 0 -1 0 0 3710.dat
0
0 FILE NeckLayer2Normal.ldr
0 New Model
0 Name: NeckLayer2Normal.ldr
0 Author: MLCad
0 Unofficial Model
0 ROTATION CENTER 0 0 0 1 "Custom" 
0 ROTATION CONFIG 0 0
1 28 0 0 0 1 0 0 0 1 0 0 0 1 3020.dat
1 8 0 -48 10 1 0 0 0 1 0 0 0 1 3185.dat
1 1 40 8 20 1 0 0 0 1 0 0 0 1 NeckHingeRight.ldr
0
0 FILE NeckLayer2Support.ldr
0 New Model
0 Name: NeckLayer2Support.ldr
0 Author: MLCad
0 Unofficial Model
0 ROTATION CENTER 0 0 0 1 "Custom" 
0 ROTATION CONFIG 0 0
1 28 0 0 0 1 0 0 0 1 0 0 0 1 3020.dat
1 8 0 -48 10 1 0 0 0 1 0 0 0 1 3185.dat
1 1 40 8 20 1 0 0 0 1 0 0 0 1 NeckHingeRight.ldr
1 19 0 -8 -10 1 0 0 0 1 0 0 0 1 3794a.dat
1 19 0 -16 -10 1 0 0 0 1 0 0 0 1 4073.dat
1 19 0 -24 -10 1 0 0 0 1 0 0 0 1 4073.dat
1 19 0 -48 -10 1 0 0 0 1 0 0 0 1 3062b.dat
1 19 0 -56 -10 1 0 0 0 1 0 0 0 1 3023.dat
0 
0
0 FILE NeckLayer3Pillar.ldr
0 New Model
0 Name: NeckLayer3Pillar.ldr
0 Author: MLCad
0 Unofficial Model
0 ROTATION CENTER 0 0 0 1 "Custom" 
0 ROTATION CONFIG 0 0
1 28 0 0 0 1 0 0 0 1 0 0 0 1 3031.dat
1 8 0 -48 10 1 0 0 0 1 0 0 0 1 3185.dat
0
0 FILE NeckLayer3Normal.ldr
0 New Model
0 Name: NeckLayer3Normal.ldr
0 Author: MLCad
0 Unofficial Model
0 ROTATION CENTER 0 0 0 1 "Custom" 
0 ROTATION CONFIG 0 0
1 8 0 -48 10 1 0 0 0 1 0 0 0 1 3185.dat
1 1 40 8 20 1 0 0 0 1 0 0 0 1 NeckHingeRight.ldr
1 28 0 0 0 1 0 0 0 1 0 0 0 1 3020.dat
0
0 FILE NeckLayer3Support.ldr
0 New Model
0 Name: NeckLayer3Support.ldr
0 Author: MLCad
0 Unofficial Model
0 ROTATION CENTER 0 0 0 1 "Custom" 
0 ROTATION CONFIG 0 0
1 28 0 0 0 1 0 0 0 1 0 0 0 1 3020.dat
1 8 0 -48 10 1 0 0 0 1 0 0 0 1 3185.dat
1 1 40 8 20 1 0 0 0 1 0 0 0 1 NeckHingeRight.ldr
1 19 0 -8 -10 1 0 0 0 1 0 0 0 1 3794a.dat
1 19 0 -16 -10 1 0 0 0 1 0 0 0 1 4073.dat
1 19 0 -40 -10 1 0 0 0 1 0 0 0 1 3062b.dat
1 19 0 -48 -10 1 0 0 0 1 0 0 0 1 98138.dat
0 
0 
0 
0 
0
0
